defaults:
  - puffer
  - _self_

ent_coef: 0.001751722964987457
gae_lambda: 0.8723990047580885
gamma: 0.9833893273541466
learning_rate: 0.0004565922060452084
vf_coef: 0.6027169537123851
minibatch_size: 8192
bptt_horizon: 64
update_epochs: 3
