env.sampling: 0.02428659051656723
suggestion_uuid: b37e9a63-ae0e-4568-8c59-d88734a824b8
train.batch_size: 8
train.bptt_horizon: 2
train.clip_coef: 0.056454687498603315
train.ent_coef: 0.0020831524604625184
train.forward_pass_minibatch_target_size: 7
train.gae_lambda: 0.8551419660839372
train.gamma: 0.918033144241709
train.learning_rate: 0.001053925090789132
train.max_grad_norm: 0.23799031972885132
train.minibatch_size: 8
train.top_policy_selector: 2
train.total_timesteps: 5259.441589030728
train.update_epochs: 2
train.vf_clip_coef: 0.0007811096832530791
train.vf_coef: 0.6446592172256661
